Sequence	log2FC_Myc_vs_Max
	3.4742921281320402
	3.424138288642631
	3.4193373023788105
	3.4085931440180026
	3.4074042728828307
	3.403843526424783
	3.4026585612321796
	3.4014745685182994
	3.397928409319782
	3.396748290611125
	3.396748290611125
	3.3932137154477306
	3.3908621337683336
	3.3838302999890946
	3.3838302999890946
	3.3791613799242484
	3.3768325738642737
	3.36986862611451
	3.3687112293088415
	3.3652445995890634
	3.3606353463364727
	3.3571880447180042
	3.3548944114194956
	3.3548944114194956
	3.3468952897101705
	3.3457561699977028
	3.3457561699977028
	3.3434806252974063
	3.3412086641335534
	3.3400740238541573
	3.3400740238541573
	3.3400740238541573
	3.337807416882212
	3.3366754473922917
	3.335544365373643
	3.3344141694357887
	3.333284858191517
	3.332156430256875
	3.332156430256875
	3.3299022187968657
	3.3287764325197706
	3.3276515240488305
	3.3265274920162096
	3.3254043350572715
	3.324282051810565
	3.324282051810565
	3.324282051810565
	3.323160640917811
	3.3220401010238945
	3.3209204307768605
	3.3209204307768605
	3.3186836938313213
	3.317566624444588
	3.3153350771460044
	3.3153350771460044
	3.3153350771460044
	3.3142205965645957
	3.3142205965645957
	3.313106976253888
	3.3119942148868127
	3.3119942148868127
	3.3108823111393733
	3.3097712636906316
	3.3097712636906316
	3.308661071222696
	3.307551732420716
	3.307551732420716
	3.307551732420716
	3.3064432459728774
	3.3053356105703777
	3.304228824907435
	3.3020177975920806
	3.299810153640429
	3.298707597193271
	3.2976058827137003
	3.2976058827137003
	3.2976058827137003
	3.2976058827137003
	3.2976058827137003
	3.296505008916757
	3.296505008916757
	3.296505008916757
	3.296505008916757
	3.2954049745204284
	3.2932074188161824
	3.2921098949588483
	3.2921098949588483
	3.2921098949588483
	3.2921098949588483
	3.291013205403271
	3.289917348881998
	3.289917348881998
	3.289917348881998
	3.289917348881998
	3.288822324130461
	3.288822324130461
	3.288822324130461
	3.288822324130461
	3.2877281298869683
	3.2877281298869683
