Sequence	log2FC_Myc_vs_Max
	-8.619411767083452
	-8.60723705313735
	-8.595164220836775
	-8.583191579170698
	-8.583191579170698
	-8.57526466339907
	-8.559540311106053
	-8.555635856650136
	-8.528596603897785
	-8.513370129673127
	-8.5095884891307
	-8.505816735241492
	-8.502054816445293
	-8.498302681584185
	-8.49456027989837
	-8.49456027989837
	-8.487104474979322
	-8.487104474979322
	-8.487104474979322
	-8.483390972180256
	-8.479687003416839
	-8.479687003416839
	-8.461308474101983
	-8.457660697086839
	-8.454022120023492
	-8.454022120023492
	-8.4503926966228
	-8.4503926966228
	-8.446772380944104
	-8.446772380944104
	-8.446772380944104
	-8.443161127391724
	-8.443161127391724
	-8.43955889071153
	-8.43955889071153
	-8.43955889071153
	-8.432381288638481
	-8.432381288638481
	-8.432381288638481
	-8.428805834414653
	-8.425239219394461
	-8.421681399981273
	-8.421681399981273
	-8.414591975194954
	-8.4110602842247
	-8.4110602842247
	-8.4110602842247
	-8.4110602842247
	-8.4110602842247
	-8.407537217661003
	-8.407537217661003
	-8.407537217661003
	-8.407537217661003
	-8.404022733484766
	-8.404022733484766
	-8.404022733484766
	-8.404022733484766
	-8.40051678998323
	-8.40051678998323
	-8.40051678998323
	-8.397019345747003
	-8.393530359667123
	-8.390049790932162
	-8.386577599025356
	-8.386577599025356
	-8.386577599025356
	-8.383113743721786
	-8.379658185085566
	-8.379658185085566
	-8.379658185085566
	-8.376210883467097
	-8.376210883467097
	-8.376210883467097
	-8.376210883467097
	-8.372771799500326
	-8.372771799500326
	-8.369340894100054
	-8.369340894100054
	-8.369340894100054
	-8.369340894100054
	-8.365918128459263
	-8.3625034640465
	-8.35909686260325
	-8.35909686260325
	-8.35909686260325
	-8.355698286141385
	-8.355698286141385
	-8.355698286141385
	-8.355698286141385
	-8.355698286141385
	-8.352307696940612
	-8.348925057545959
	-8.348925057545959
	-8.348925057545959
	-8.348925057545959
	-8.348925057545959
	-8.348925057545959
	-8.345550330765303
	-8.342183479666904
	-8.342183479666904
